-75.5724299;6.307434000000009
-75.505078;6.357621
-75.57245;6.30746
-75.51748;6.23621
-75.57245;6.30746
-75.9116;4.74715
-75.00864;1.93211
-75.537336;6.307194
-74.99505;6.04234
-75.15352;6.23117
-75.53645;6.29287
-75.53645;6.29287
-75.53645;6.29287
-75.31677;2.52329
-75.31677;2.52329
-75.31677;2.52329
-74.7732;2.11395
-74.7732;2.11395
-74.7732;2.11395
-74.7732;2.11395
-74.7732;2.11395
-74.7732;2.11395
-74.7732;2.11395
-74.7732;2.11395
-74.7732;2.11395
-74.7732;2.11395
-75.18443;6.14419
-75.9116;4.74715
-75.05983;6.11546
-75.10213;5.96351
-75.16493;6.05525
-75.16493;6.05525
-74.9334;5.83325
-74.1868;4.56815
-74.18475;4.60987
-74.99505;6.04234
-74.99505;6.04234
-75.56692;6.27801
-74.99206;6.18861
-75.56363;6.25797
-75.53704;6.27738
-76.22921;4.97259
-74.9334;5.83325
-75.05983;6.11546
-75.59556;6.29133
-75.10213;5.96351
-75.57759;6.25455
-75.59556;6.29133
-75.57759;6.25455
-75.56829;6.24939
-75.56829;6.24939
-75.54777;6.30544
-75.05983;6.11546
-75.614805;6.262555
-75.544105;6.303971
-75.544105;6.303971
-75.56692;6.27801
-74.9334;5.83325
-75.37513;6.14482
-74.9334;5.83325
-74.99361;6.02123
-74.99361;6.02123
-75.54777;6.30544
-75.05983;6.11546
-75.05983;6.11546
-75.56692;6.27801
-75.62016;6.25928
-75.56692;6.27801
-75.56692;6.27801
-75.54777;6.30544
-75.10213;5.96351
-74.9334;5.83325
-75.05983;6.11546
-75.56829;6.24939
-75.56829;6.24939
-74.99505;6.04234
-75.56829;6.24939
-75.59556;6.29133
-75.53704;6.27738
-75.56829;6.24939
-75.56829;6.24939
-74.916372;5.864015
-75.5732;6.25028
-75.56692;6.27801
-75.5752;6.31087
-75.56829;6.24939
-75.56692;6.27801
-75.57239;6.30188
-75.49704;6.20507
-75.56692;6.27801
-74.99505;6.04234
-74.99505;6.04234
-75.56829;6.24939
-75.57157;6.2151
-74.99505;6.04234
-74.96407;6.07396
-74.96407;6.07396
-75.563638;6.257978
-75.563638;6.257978
-75.544105;6.30399
-75.57239;6.30188
-75.56363;6.25797
-75.38306;6.14955
-74.99505;6.04234
-75.6148;6.26255
-75.6148;6.26255
-75.56692;6.27801
-75.568651;6.218615
-74.9334;5.83325
-74.9334;5.83325
-74.99505;6.04234
-74.92409;5.86219
-74.9334;5.83325
-75.56363;6.25797
-75.56363;6.25797
-75.54295;6.24452
-75.54295;6.24452
-75.56363;6.25797
-75.56363;6.25797
-75.54821;6.29506
-75.56363;6.25797
-75.63569;6.2769
-75.37513;6.14482
-75.56363;6.25797
-75.5732;6.25028
-75.81939;5.59689
-74.07205;4.71142
-74.18475;4.60987
-74.18475;4.60987
-74.18475;4.60987
-74.18475;4.60987
-74.18475;4.60987
-74.18475;4.60987
-74.18475;4.60987
-74.18475;4.60987
-74.18475;4.60987
-74.03137;5.04169
-74.07205;4.71142
-74.18475;4.60987
-74.18475;4.60987
-74.18475;4.60987
-74.06425;4.62899
-74.18475;4.60987
-74.18475;4.60987
-74.18475;4.60987
-74.1868;4.56815
-74.1868;4.56815
-74.18475;4.60987
-74.07205;4.71142
-74.16867;4.58667
-74.16867;4.58667
-74.16867;4.58667
-74.07205;4.71142
-74.10299;5.53165
-73.81683;5.61837
-73.81683;5.61837
-73.64671;5.5795
-73.72141;5.51866
-73.97873;5.65726
-74.10299;5.53165
-73.81683;5.61837
-73.81683;5.61837
-73.81683;5.61837
-73.81683;5.61837
-73.81683;5.61837
-73.81683;5.61837
-74.10299;5.53165
0.0;0.0
-74.10299;5.53165
0.0;0.0
-73.81683;5.61837
-74.10299;5.53165
-73.97873;5.65726
-73.72141;5.51866
-73.81683;5.61837
-73.97884;5.65709
-74.10299;5.53165
-73.727195;570580.0
-73.81683;5.61837
-73.81683;5.61837
-73.97884;5.65709
-74.10299;5.53165
-73.72141;5.51866
-73.81683;5.61837
-75.32668;1.57127
-73.81683;5.61837
-73.97884;5.65709
-74.10299;5.53165
-73.72141;5.51866
-73.81683;5.61837
-75.1143;5.566714
-74.99146;5.41304
-74.99146;5.41304
-74.99146;5.41304
-74.99146;5.41304
-74.99146;5.41304
-75.076395;5.212734
-74.99146;5.41304
-74.7732;2.11395
-74.76692;2.123367
-74.768658;2.111172
-74.80167;2.11509
-74.76692;2.123367
-74.80167;2.11509
-74.76692;2.123367
-74.76692;2.123367
-74.76692;2.123367
-74.76692;2.123367
-74.76692;2.123367
-74.75858;2.111172
-74.75858;2.111172
-75.158447;1.9098
-75.158447;1.9098
-75.15725;1.91002
-75.03571;1.94112
-75.284897;1.68082
-75.284897;1.68082
-75.61055;1.61165
-75.61055;1.61165
-75.284897;1.68082
-75.284897;1.68082
-74.75858;2.111172
-74.75858;2.111172
-74.771215;2111610.0
-74.75858;2.111172
-74.75858;2.111172
-74.75858;2.111172
-75.163345;1.913784
-74.75858;2.111172
-74.75858;2.111172
-73.959778;0.794431
-75.601561;1.621112
-75.601561;1.621112
-75.60244;1.62251
-75.61055;1.61165
-75.601561;1.621112
-75.06077;1.99082
-75.856697;1.28181
-74.761429;2.128447
-74.768788;2.107698
-74.75858;2.111172
-74.75858;2.111172
-74.75858;2.111172
-74.75858;2.111172
-74.75858;2.111172
-74.75858;2.111172
-74.75858;2.111172
-74.75858;2.111172
-74.75858;2.111172
-74.75858;2.111172
-74.75858;2.111172
-74.75858;2.111172
-75.158447;1.9098
-75.00864;1.93211
-75.1494;1.91049
-75.158447;1.9098
-75.0362;1.94115
-75.28329;1.68006
-74.84341;1.33394
-75.60413;1.61563
-75.60413;1.61563
-75.60413;1.61563
-75.60413;1.61563
-75.60413;1.61563
-74.40786;0.59584
-74.7732;2.11395
-74.7732;2.11395
-76.22921;4.97259
-76.22921;4.97259
-76.22921;4.97259
-76.22921;4.97259
-76.22921;4.97259
-76.22921;4.97259
-77.10249;6.49714
-76.76653;6.3669
-76.64989;5.69576
-76.64989;5.69576
-77.10249;6.49714
-77.10249;6.49714
-77.10249;6.49714
-77.10249;6.49714
-77.10249;6.49714
-77.10249;6.49714
-74.1868;4.56815
-74.18451;4.56459
-74.18451;4.56459
-74.18451;4.56459
-74.1868;4.56815
-74.1868;4.56815
-74.1868;4.56815
-74.1868;4.56815
-74.1868;4.56815
-74.1868;4.56815
-74.1868;4.56815
-76.468599;3.408943
-74.1868;4.56815
-74.1868;4.56815
-74.1868;4.56815
-74.1868;4.56815
-74.1868;4.56815
-74.33332;4.6002
-74.1868;4.56815
-74.1868;4.56815
-74.1868;4.56815
-74.1868;4.56815
-74.1868;4.56815
-74.1868;4.56815
-74.1868;4.56815
-74.146477;4.55367
-74.063332;4.627378
-74.1868;4.56815
-74.1868;4.56815
-74.1868;4.56815
-74.1868;4.56815
-74.1868;4.56815
-74.1868;4.56815
-74.1868;4.56815
-74.1868;4.56815
-74.1868;4.56815
-74.1868;4.56815
-74.1868;4.56815
-74.066497;4.586797
-74.1868;4.56815
-74.219521;4.580409
-74.1868;4.56815
-74.1868;4.56815
-74.186795;4.568259
-74.1868;4.56815
-74.1868;4.56815
-74.1868;4.56815
-74.1868;4.56815
-75.22257;2.59325
-75.31677;2.52329
-75.31677;2.52329
-76.468599;3.408943
-75.22257;2.59325
-75.22257;2.59325
-75.22257;2.59325
-75.31677;2.52329
-75.31677;2.52329
-75.31677;2.52329
-75.31677;2.52329
-75.31677;2.52329
-75.31677;2.52329
-75.31677;2.52329
-75.31677;2.52329
-72.65027;7.37804
-72.65027;7.37804
-72.65027;7.37804
-72.65027;7.37804
-72.65027;7.37804
-72.65027;7.37804
-72.648169;7.376328
-72.647785;7.384409
-72.647785;7.384409
-72.647785;7.384409
-72.647785;7.384409
-72.647785;7.384409
-72.647785;7.384409
-72.646142;7.371646
-72.647785;7.384409
-72.647785;7.384409
-72.647785;7.384409
-72.646142;7.371646
-72.647785;7.384409
-75.632355;4.608977
-75.68836;4.53004
-75.632355;4.608977
-75.632355;4.608977
-73.83676;7.080294
-73.833863;7.081577
-73.833863;7.081577
-73.905454;7.33875
-73.833863;7.081577
-73.905454;7.33875
-73.905454;7.33875
-73.83676;7.080294
-73.83676;7.080294
-73.83676;7.080294
-73.84954;7.12497
-73.825875;7.076099
-73.862216;7.050508
-73.862216;7.050508
-73.862216;7.050508
-73.862216;7.050508
-73.862216;7.050508
-73.825875;7.076099
-73.825875;7.076099
-73.825875;7.076099
-73.825875;7.076099
-73.825875;7.076099
-73.840853;7.078913
-73.851027;7.055592
-73.761573;6.94484
-73.856196;7.059211
-73.944064;7.017495
-73.77826;7.02945
-73.831063;7.072461
-73.862216;7.050508
-73.831063;7.072461
-73.761573;6.94484
-73.862216;7.050508
-73.851932;7.061708
-73.862216;7.050508
-73.862216;7.050508
-73.862216;7.050508
-73.862216;7.050508
-73.862216;7.050508
-73.83676;7.080294
-73.862216;7.050508
-73.862216;7.050508
-73.83676;7.080294
-73.831063;7.072461
-73.831063;7.072461
-73.862107;7.050556
-73.82762;7.050004
-73.83676;7.080294
-73.831555;7.069191
-73.827318;7.075279
-73.853102;7.060072
-73.840263;7.068814
-73.853102;7.060072
-73.862107;7.050556
-73.86139;7.066949
-73.862107;7.050556
-73.862107;7.050556
-73.87486;7.05873
-73.834245;7.065804
-73.862107;7.050556
-73.853102;7.060072
-73.862107;7.050556
-73.854928;7.055653
-73.827912;7.072992
-73.862107;7.050556
-73.853102;7.060072
-73.851968;7.055099
-73.86139;7.066949
-75.008647;1.932084
-73.853102;7.060072
-73.853102;7.060072
-74.031837;6.87646
-73.827912;7.072992
-74.031837;6.87646
-73.853102;7.060072
-73.827912;7.072992
-73.853102;7.060072
-73.853102;7.060072
-73.853102;7.060072
-73.853102;7.060072
-73.853102;7.060072
-73.827912;7.072992
-73.827912;7.072992
-73.862216;7.050508
-73.831049;7.072753
-73.827912;7.072992
-73.827912;7.072992
-73.853102;7.060072
-73.83676;7.080294
-73.827912;7.072992
-73.827912;7.072992
-73.827912;7.072992
-74.031837;6.87646
-73.862107;7.050556
-73.862107;7.050556
-73.905454;7.33875
-73.862107;7.050556
-73.834748;7.04184
-73.83676;7.080294
-73.827912;7.072992
-73.827912;7.072992
-74.031837;6.87646
-74.031837;6.87646
-73.862107;7.050556
-73.905454;7.33875
-73.862107;7.050556
-73.862107;7.050556
-73.83676;7.080294
-73.827912;7.072992
-73.83676;7.080294
-74.031837;6.87646
-73.827912;7.072992
-73.81521;7.088422
-73.862216;7.050508
-73.827912;7.072992
-73.827912;7.072992
-73.827912;7.072992
-73.827912;7.072992
-75.914677;4.740098
-75.914677;4.740098
-75.914677;4.740098
-75.914677;4.740098
-75.914677;4.740098
-75.914677;4.740098
-75.906038;4.745995
-75.914677;4.740098
-75.914677;4.740098
-75.914677;4.740098
-75.906285;4.731108
-75.906285;4.731108
-75.906285;4.731108
-75.906285;4.731108
-75.944699;4.764062
-75.944699;4.764062
-75.944699;4.764062
-75.906285;4.731108
-75.944699;4.764062
-75.914677;4.740098
-75.914677;4.740098
-75.914677;4.740098
-75.914677;4.740098
-75.914677;4.740098
-75.914677;4.740098
-75.903136;4.748535
-75.914677;4.740098
-75.914677;4.740098
-75.906285;4.731108
-76.468599;3.408943
-76.468599;3.408943
-76.468599;3.408943
-76.468599;3.408943
-76.468599;3.408943
-76.468599;3.408943
-76.468599;3.408943
-76.468599;3.408943
-76.468599;3.408943
-76.468599;3.408943
-76.468599;3.408943
-75.903136;4.748535
-75.903136;4.748535
-75.903136;4.748535
-75.903136;4.748535
-75.903136;4.748535
-75.903136;4.748535
-75.914677;4.740098
-75.914677;4.740098
-75.914677;4.740098
-75.914677;4.740098
-75.914677;4.740098
-75.914677;4.740098
-75.914677;4.740098
-75.903136;4.748535
-76.468599;3.408943
-76.468599;3.408943
-76.468599;3.408943
-76.468599;3.408943
-76.468599;3.408943
-76.468599;3.408943
-76.468599;3.408943
-77.035896;3.88124
-77.035896;3.88124
-76.468599;3.408943
-75.914677;4.740098
-75.914677;4.740098
-75.914677;4.740098
-76.468599;3.408943
-76.468599;3.408943
-76.468599;3.408943
-76.468599;3.408943
-76.468599;3.408943
-76.468599;3.408943
-76.468599;3.408943
-76.468599;3.408943
-76.468599;3.408943
-76.468599;3.408943
-76.468599;3.408943
-76.468599;3.408943
-76.468599;3.408943
-76.468599;3.408943
-76.468599;3.408943
-75.903136;4.748535
-75.903136;4.748535
-75.903136;4.748535
-75.903136;4.748535
-75.903136;4.748535
-75.903136;4.748535
-75.903136;4.748535
-77.035896;3.88124
-76.468599;3.408943
-76.468599;3.408943
-76.468599;3.408943
-76.468599;3.408943
-76.468599;3.408943
-76.468599;3.408943
-76.468599;3.408943
-76.468599;3.408943
-75.903136;4.748535
-75.903136;4.748535
-75.903136;4.748535
-75.903136;4.748535
-75.903136;4.748535
-76.468599;3.408943
-76.468599;3.408943
-75.903136;4.748535
-76.468599;3.408943
-76.468599;3.408943
-76.468599;3.408943
-76.468599;3.408943
-75.903136;4.748535
-76.468599;3.408943
-76.468599;3.408943
-76.468599;3.408943
-76.468599;3.408943
-76.468599;3.408943
-76.468599;3.408943
-76.468599;3.408943
-76.468599;3.408943
-76.468599;3.408943
-75.903136;4.748535
-76.468599;3.408943
-76.468599;3.408943
-76.468599;3.408943
-76.468599;3.408943
-76.468599;3.408943
-76.468599;3.408943
-76.468599;3.408943
-76.468599;3.408943
-76.468599;3.408943
-76.468599;3.408943
-76.468599;3.408943
-76.468599;3.408943
-76.468599;3.408943
-76.468599;3.408943
-76.468599;3.408943
-76.468599;3.408943
-76.468599;3.408943
-76.468599;3.408943
-76.468599;3.408943
-76.23434;4.896073
-76.23434;4.896073
-76.23434;4.896073
-76.23434;4.896073
-76.23434;4.896073
-76.23434;4.896073
-76.23434;4.896073
-76.23434;4.896073
-76.23434;4.896073
-74.184721;4.609896
-74.184721;4.609896
-74.184721;4.609896
-74.184721;4.609896
-74.1868;4.56815
-74.1868;4.56815
-74.1868;4.56815
-74.1868;4.56815
-74.072876;4.597014
-74.991464;5.413047
-74.991464;5.413047
-74.991464;5.413047
-74.991464;5.413047
-74.991464;5.413047
-74.991464;5.413047
-75.053487;5.297011
-75.154352;5.252956
-75.161426;5.38211
-75.161426;5.38211
-74.991464;5.413047
-74.991464;5.413047
-74.991464;5.413047
-75.161426;5.38211
-75.176332;5.609729
-74.991464;5.413047
-74.991464;5.413047
-74.991464;5.413047
-74.991464;5.413047
-74.991464;5.413047
-74.991464;5.413047
-74.991464;5.413047
-75.119265;5.321795
-75.041684;5.524625
-75.510471;5.067754
-75.025367;5.406603
-75.176332;5.609729
-75.161426;5.38211
-75.041684;5.524625
-75.041684;5.524625
-75.041684;5.524625
-75.161426;5.38211
-75.119265;5.321795
-75.02836;5.362548
-75.041684;5.524625
-75.161426;5.38211
-75.176332;5.609729
-74.98613;5.40613
-74.98613;5.40613
-75.161426;5.38211
-75.041684;5.524625
-75.041684;5.524625
-75.544108;6.303966
-75.544108;6.303966
-75.563638;6.257972
-75.576282;6.254064
-75.536459;6.278227
-75.570233;6.305736
-75.560762;6.255957
-74.121521;8.865802
-73.973904;9.004061
-74.078119;8.956007
-74.752379;8.956007
-74.039405;8.936307
-74.443297;9.350582
-74.443297;9.350582
-74.465241;9.329188
-74.426041;9.242439
-74.426041;9.242439
-74.785625;9.784386
-74.785625;9.784386
-74.785625;9.784386
-74.752379;9.239858
-74.752379;9.239858
-74.752379;9.239858
-74.752379;8.956007
-74.039439;8.940006
-74.107361;8.947542
-74.78511;9.78831
-74.776856;9.789319
-74.776856;9.789319
-74.464773;9.33197
-76.50025;3.41526
-74.465279;9.329464
-74.463027;9.33485
-74.429584;9.242799
-74.430843;9.246629
-74.713327;9.293858
-74.744721;9.227514
-74.766359;9.253289
-74.748162;9.193622
-75.911629;4.747221
-75.911629;4.747221
-74.742908;9.24633
-74.744723;9.227439
-74.742908;9.24633
-74.745924;9.226733
-74.023535;8.96427
-74.023535;8.96427
-74.110275;8.947301
-74.037715;8.939915
-76.499322;3.425667
-74.105689;8.945391
-74.426298;9.340849
-74.784204;9.785353
-74.784204;9.785353
-74.786409;9.784185
-74.400708;9.695436
-74.400708;9.695436
-74.782331;9.793467
-75.646949;1.631372
-74.782331;9.793467
-74.742056;9.245548
-74.067058;4.589688
-74.067058;4.589688
-74.202251;4.600097
-74.204318;4.602113
-74.067058;4.589688
-75.563638;6.257972
-76.318513;4.211875
-75.906038;4.745995
-74.074927;4.659638
-74.047425;4.690998
-74.097667;4.758028
-73.816145;5.615887
-73.77137;5.650042
-73.816145;5.615887
-73.814646;5.614751
-73.816145;5.615887
-73.816145;5.615887
-76.65095;5.71355
-73.816404;5.615802
-73.817407;5.619068
-73.817407;5.619068
-73.797514;5.591318
-73.832716;5.602353
-73.979168;5.657288
-73.979168;5.657288
-73.817364;5.618713
-73.979104;5.65733
-73.960418;5.664202
-73.960418;5.664202
-73.979052;5.657348
-73.814641;5.614709
-73.814641;5.614709
-73.961079;5.664425
-73.824123;5.591908
-73.817409;5.618739
-73.82121;5.6059
-77.06173;3.87691
-76.99462;3.86317
-77.06173;3.87691
-77.0359;3.88124
-75.911483;4.753185
-76.54582;3.44254
-76.46195;3.42595
-76.480776;3.414955
-76.46992;3.40646
-76.46195;3.42595
-76.50025;3.41526
-76.48539;3.43315
-76.49597;3.4369
-76.4851;3.44153
-73.244541;10.4776
-76.55656;3.41172
-74.84276;1.33497
-74.77027;2.11304
-75.61055;1.61166
-75.646863;1.631409
-74.765259;2.123098
-74.766933;2.123457
-74.84276;1.33497
-74.409333;5.92956
-75.911629;4.747221
-74.766965;2.123378
-74.764347;2.12786
-74.77027;2.11304
-74.77007;2.11115
-74.77027;2.11304
-74.77027;2.11304
-74.77027;2.11304
-72.735356;8.637463
-74.77027;2.11304
-74.764878;2.124371
-74.764878;2.124371
-75.460239;1.0414842
-75.487962;1.0353447
-75.460239;1.0414842
-72.735713;8.636035
-75.911629;4.747221
-75.487962;1.0353447
-75.487962;1.0353447
-75.487962;1.0353447
-75.457516;1.0415425
-72.73335;8.6372
-72.73335;8.6372
-72.598529;8.471193
-75.49152;5.0694
-75.911629;4.747221
-72.735116;8.637772
-72.735116;8.637772
-72.735116;8.637772
-72.90049;9.000167
-72.89873;8.99649
-72.895183;8.99882
-72.895183;8.99882
-75.51581;5.07539
-72.739632;8.649446
-72.738913;8.64598
-72.737831;8.642123
-72.731066;8.637662
-72.89869;9.00033
-72.89869;9.00033
-72.89869;9.00033
-72.898575;8.999086
-76.97127;6.52215
-74.076043;4.598121
-72.891856;8.975647
-72.73335;8.6372
-72.73335;8.6372
-72.66621;8.62563
-72.66621;8.62563
-72.656004;8.511853
-76.659664;5.691373
-76.657865;5.694164
-76.657865;5.694164
-76.97127;6.52215
-76.97127;6.52215
-75.911629;4.747221
-76.97127;6.52215
-76.89591;6.58859
-76.89591;6.58859
-76.89591;6.58859
-76.885211;6.557013
-76.654925;5.709522
-76.652822;5.709873
-76.652822;5.709873
-76.652822;5.709873
-76.655701;5.708541
-76.655701;5.708541
-76.655701;5.708541
-76.65095;5.71355
-76.97127;6.52215
-76.884224;6.556609
-76.894685;6.566337
-76.896487;6.588049
-72.52597;7.90739
-72.521924;7.905339
-75.650401;5.45589
-75.903134;4.748452
-75.903134;4.748452
-72.521924;7.905339
-72.52597;7.90739
-72.53912;7.90751
-72.52597;7.90739
-72.52597;7.90739
-72.52597;7.90739
-72.52597;7.90739
-72.52597;7.90739
-75.51581;5.07539
-72.52597;7.90739
-72.5293;7.9217
-72.53725;7.90866
-72.53725;7.90866
-72.52597;7.90739
-72.52597;7.90739
-73.864003;7.051157
-75.650401;5.45589
-75.904405;4.753357
-75.903134;4.748452
-73.826288;7.073384
-73.826288;7.073384
-73.85699;7.05433
-73.98281;7.66638
-73.83516;7.42705
-73.89663;7.34885
-73.83516;7.42705
-73.65785;7.877692
-73.65785;7.877692
-73.89663;7.34885
-73.89663;7.34885
-73.92161;7.47866
-73.92161;7.47866
-73.833874;7.081504
-73.833874;7.081504
-73.833874;7.081504
-73.864222;7.051243
-73.864222;7.051243
-73.92161;7.47866
-75.513976;5.075016
-75.51581;5.07539
-74.076043;4.598121
-73.864222;7.051243
-73.89663;7.34885
-73.89663;7.34885
-73.864222;7.051243
-73.89663;7.34885
-73.92161;7.47866
-73.92161;7.47866
-73.8829;7.54899
-75.516418;5.074712
-75.516418;5.074712
-75.51581;5.07539
-75.690601;4.808717
-75.51405;5.04221
-75.49084;5.07288
-75.49084;5.07288
-75.49084;5.07288
-75.49152;5.0694
-75.487364;5.078173
-75.51221;5.07774
-75.49084;5.07288
-75.49927;5.07274
-75.51221;5.07774
-75.51221;5.07774
-75.510638;5.066057
-75.903134;4.748452
-75.284897;1.68082
-75.51221;5.07774
-75.51221;5.07774
-75.49927;5.07274
-75.572938;6.310318
-75.55079;6.26592
-75.6226;6.24926
-75.53979;6.24368
-75.54193;6.28355
-75.61353;6.2657
-75.61353;6.2657
-75.62017;6.252
-76.532831;3.413988
-75.915841;4.748961
-75.623626;6.250813
-75.623626;6.250813
-75.54412;6.303983
-75.537039;6.256761
-75.579848;6.29475
-75.579995;6.319246
-73.696301;4.079877
-73.696301;4.079877
-73.696301;4.079877
-75.041555;5.525244
-73.696301;4.079877
-73.696301;4.079877
-73.696301;4.079877
-73.696301;4.079877
-75.3775;9.29173
-75.12267;9.83669
-75.38392;9.2821
-75.3655;9.34845
-75.121185;9.835957
-75.121185;9.835957
-75.4503;9.24767
-75.4503;9.24767
-75.4503;9.24767
-75.37983;9.29385
-75.385329;9.299788
-75.37983;9.29385
-75.386544;9.311484
-75.37133;9.31656
-75.37133;9.31656
-75.397738;9.4178
-75.416942;9.398962
-75.40278;9.31689
-75.41456;9.31976
-75.41456;9.31976
-75.02154;9.85642
-75.4503;9.24767
-75.377202;9.296526
-75.38467;9.2831
-75.38866;9.31422
-75.101407;6.073144
-75.41279;9.27522
-75.41269;9.2774
-75.419628;9.237944
-75.43494;9.2189
-75.516792;9.504276
-75.4503;9.24767
-75.4503;9.24767
-75.4503;9.24767
-75.4503;9.24767
-74.9966;6.03718
-75.10232;5.962496
-74.833382;6.299647
-75.30879;5.71782
-75.014075;6.030202
-75.30879;5.71782
-75.106861;5.9686
-75.308863;5.714916
-74.909901;5.974971
-75.050474;6.132982
-75.050646;6.005199
-74.99465;6.04246
-75.085945;5.950419
-75.085945;5.950419
-75.10097;5.96498
-75.071657;5.414759
-75.909989;4.749233
-75.14299;6.01339
-75.129573;5.972352
-75.18643;6.05789
-74.977321;6.146201
-74.848885;6.166165
-74.99324;6.18757
-74.833519;6.299419
-74.808394;6.062822
-74.808394;6.062822
-75.909989;4.749233
-74.8818;6.350941
-75.025956;6.292125
-75.02812;6.29523
-74.971022;5.844236
-74.971022;5.844236
-74.971022;5.844236
-74.971021;5.844236
-75.909989;4.749233
-75.914572;4.748096
-75.914572;4.748096
-75.182305;6.139114
-75.182305;6.139114
-75.18343;6.14172
-75.18343;6.14172
-75.14508;6.01236
-74.990193;5.411818
-75.041665;5.524732
-74.99222;5.41315
-74.99222;5.41315
-75.914572;4.748096
-74.99222;5.41315
-75.16074;5.38416
-75.16074;5.38416
-75.16074;5.38416
-75.16074;5.38416
-75.16074;5.38416
-75.161003;5.382915
-75.161003;5.382915
-75.16074;5.38416
-75.16074;5.38416
-75.16074;5.38416
-75.071657;5.414759
-75.071657;5.414759
-75.071657;5.414759
-75.071657;5.414759
-75.071657;5.414759
-75.071657;5.414759
-75.071657;5.414759
-75.041686;5.524434
-75.008311;5.523922
-75.008311;5.523922
-74.99222;5.41315
-74.99222;5.41315
-75.072933;5.598183
-75.072933;5.598183
-75.041555;5.525244
-75.008668;1.932268
-75.914572;4.748096
-75.041555;5.525244
-75.041555;5.525244
-75.02395;5.52332
-75.041555;5.525244
-75.02395;5.52332
-75.071736;5.414754
-75.071736;5.414754
-75.071736;5.414754
-75.01802;5.61854
-75.16074;5.38416
-75.16074;5.38416
-75.16074;5.38416
-75.16074;5.38416
-75.915841;4.748961
-75.041815;5.52454
-75.041815;5.52454
-75.041815;5.52454
-75.041815;5.52454
-76.41598;3.23009
-76.41598;3.23009
-76.41598;3.23009
-76.41598;3.23009
-76.46992;3.40646
-75.690601;4.808717
-74.068933;4.592389
-75.525491;5.061192
-74.186795;4.568259
-75.911629;4.747221
-76.468599;3.408943
-76.41598;3.23009
-76.41598;3.23009
-76.41598;3.23009
-76.41598;3.23009
-76.41598;3.23009
-74.204948;4.601273
-74.186822;4.568099
-75.64555;3.53008
-75.64555;3.53008
-75.690601;4.808717
-75.053566;5.297762
-75.906038;4.745995
-75.911629;4.747221
-75.690601;4.808717
-75.911629;4.747221
-78.783569;1.789412
-78.77156;1.80731
-78.77156;1.80731
-78.77156;1.80731
-78.77156;1.80731
-78.77156;1.80731
-78.77156;1.80731
-78.77156;1.80731
-75.911413;4.750333
-75.902727;4.740904
-76468599.0;3.408943
-75906038.0;4.745995
-75906038.0;4.745995
-75.731621;4.53227
-75902727.0;4.740904
-75.903134;4.748452
-75906038.0;4.745995
-75.911629;4.747221
-75916581.0;4.736151
-75.911629;4.747221
-75.911629;4.747221
-75.911629;4.747221
-75.906225;4.743688
-75.915841;4.748961
-75.911629;4.747221
-75.624061;6.253299
-75.659895;4.547552
-76.468599;3.408943
-76.234362;4.896052
-76.234362;4.896052
-76.234362;4.896052
-76.234362;4.896052
-76.234362;4.896052
-76.234362;4.896052
-76.234362;4.896052
-76.234362;4.896052
-76.291943;4.904935
-76.291943;4.904935
-75.008647;1.932084
-75.792249;4.622606
-75.944699;4.764062
-76.291943;4.904935
-76.291943;4.904935
-76.291943;4.904935
-76.291943;4.904935
-76.291943;4.904935
-76.291943;4.904935
-76.468599;3.408943
-76.468599;3.408943
-76.530759;3.450404
-76.530759;3.450404
-76.530759;3.450404
-76.468599;3.408943
-76.468599;3.408943
-76.468599;3.408943
-76.556048;3.423096
-76.556048;3.423096
-76.556048;3.423096
-76.468599;3.408943
-76.530759;3.450404
-76.556048;3.423096
-76.556048;3.423096
-76.468599;3.408943
-76.468599;3.408943
-76.468599;3.408943
-76.530759;3.450404
-76.481612;3.447236
-76.482736;3.430576
-76.492455;3.409898
-76.515583;3.402854
-76.513415;3.407124
-76.49896;3.406918
-77.062931;3.875548
-76.49896;3.406918
-76.549702;3.393276
-75.624061;6.253299
-76.468599;3.408943
-76.419289;3.228892
-75.035521;9.582404
-76.468599;3.408943
-77.062931;3.875548
-76.468599;3.408943
-76.318513;4.211875
-76.515945;3.380138
-76.531985;3.451647
-74.938487;5.74213
-76.462816;3.429753
-76.462816;3.429753
-76.462816;3.429753
-76.492455;3.409898
-76.468599;3.408943
-76.472908;3.428373
-76.468599;3.408943
-76.468599;3.408943
-77.062931;3.875548
-75.792249;4.622606
-76.468599;3.408943
-76.468599;3.408943
-76.468599;3.408943
-77.062931;3.875548
-77.062931;3.875548
-76.468599;3.408943
-76.468599;3.408943
-76.482736;3.430576
-76.533054;3.329995
-76.468599;3.408943
-76.531985;3.451647
-76.468599;3.408943
-76.468599;3.408943
-76.468599;3.408943
-76.468599;3.408943
-76.491732;3.415418
-76.468599;3.408943
-72.737733;8.642356
-72.737733;8.642356
-75.483979;3.723827
-72.65027;7.37804
-72.898027;8.996787
-72.737733;8.642356
-72.737733;8.642356
-72.737733;8.642356
-72.737733;8.642356
-72.898027;8.996787
-72.584095;7.919233
-72.584095;7.919233
-72.584095;7.919233
-72.584095;7.919233
-72.584095;7.919233
-72.584095;7.919233
-73.244541;10.4776
-75.035521;9.582404
-76.530759;3.450404
-75.035521;9.582404
-75.81777;3.28723
-72.737733;8.642356
-72.737733;8.642356
-72.898027;8.996787
-72.50174;7.880694
-72.50174;7.880694
-72.737733;8.642356
-72.50174;7.880694
-72.50174;7.880694
-72.898027;8.996787
-72.65027;7.37804
-72.898027;8.996787
-72.50174;7.880694
-75.675689;4.535
-75.81777;3.28723
-75.483979;3.723827
-76.531985;3.451647
-75.81777;3.28723
-74.970853;4.03157
-74.970853;4.03157
-75.035521;9.582404
-75.483979;3.723827
-75.483979;3.723827
-75.624061;6.253299
-74.938487;5.74213
-74.184721;4.609896
-75.563638;6.257972
-74.1868;4.56815
-75.035521;9.582404
-74.068933;4.592389
-74.068933;4.592389
-74.068933;4.592389
-74.068933;4.592389
-74.059117;4.600894
-74.068933;4.592389
-74.068933;4.592389
-75.581992;6.291684
-74.184721;4.609896
-74.068933;4.592389
-74.068933;4.592389
-74.068933;4.592389
-74.068933;4.592389
-74.068933;4.592389
-74.068933;4.592389
-74.068933;4.592389
-74.068933;4.592389
-74.068933;4.592389
-74.1868;4.56815
-74.1868;4.56815
-72.50174;7.880694
-74.1868;4.56815
-74.068933;4.592389
-74.068933;4.592389
-75.008647;1.932084
-75.792249;4.622606
-74.1868;4.56815
-74.184721;4.609896
-74.1868;4.56815
-74.184721;4.609896
-75.624061;6.253299
-74.1868;4.56815
-74.1868;4.56815
-74.184721;4.609896
-72.737733;8.642356
-74.184721;4.609896
-76.530759;3.450404
-72.50174;7.880694
-74.151421;4.576877
-74.184721;4.609896
-74.184721;4.609896
-74.184721;4.609896
-74.184721;4.609896
-74.184721;4.609896
-74.184721;4.609896
-74.140294;4.636135
-74.184721;4.609896
-75.309798;5.712002
-74.184721;4.609896
-74.184721;4.609896
-74.166156;4.590848
-74.166156;4.590848
-74.1868;4.56815
-74.166156;4.590848
-74.149507;4.63388
-76.531985;3.451647
-74.068933;4.592389
-76.531985;3.451647
-74.1868;4.56815
-74.184721;4.609896
-74.09002;4.629425
-74.081376;4.59761
-73.244541;10.4776
-74.184721;4.609896
-74.184721;4.609896
-75.906038;4.745995
-74.991464;5.413047
-74.184721;4.609896
-75.053487;5.297011
-74.184721;4.609896
-74.184721;4.609896
-74.184721;4.609896
-73.722497;5.517709
-73.722497;5.517709
-73.819571;5.614775
-73.819571;5.614775
-73.819571;5.614775
-73.819571;5.614775
-73.819571;5.614775
-73.819571;5.614775
-73.819571;5.614775
-74.593395;5.977237
-74.593395;5.977237
-74.593395;5.977237
-73.819571;5.614775
-73.819571;5.614775
-73.819571;5.614775
-73.819571;5.614775
-73.819571;5.614775
-73.819571;5.614775
-73.819571;5.614775
-73.819571;5.614775
-73.819571;5.614775
-75.035521;9.582404
-73.819571;5.614775
-73.741902;5.456766
-74.593395;5.977237
-74.593395;5.977237
-74.593395;5.977237
-73.819571;5.614775
-73.819571;5.614775
-73.741902;5.456766
-74.593395;5.977237
-74.593395;5.977237
-74.593395;5.977237
-73.819571;5.614775
-76.532831;3.413988
-73.819571;5.614775
-73.819571;5.614775
-73.819571;5.614775
-73.819571;5.614775
-73.764931;5.697783
-74.938487;5.74213
-75.494211;5.070466
-75.517171;5.071636
-75.517445;5.068139
-75.494211;5.070466
-75.650401;5.45589
-74.081376;4.59761
-72.50174;7.880694
-75.487631;5.077851
-75.517171;5.071636
-75.488707;5.08824
-75.488707;5.08824
-75.517171;5.071636
-75.488707;5.08824
-75.488707;5.08824
-74.1868;4.56815
-75.488707;5.08824
-75.488707;5.08824
-75.488707;5.08824
-75.518447;5.073308
-75.488707;5.08824
-75.497137;5.065208
-75.488707;5.08824
-75.474495;5.037902
-75.518447;5.073308
-75.488707;5.08824
-75.650401;5.45589
-75.513817;5.070275
-75.4756;5.10937
-75.513817;5.070275
-75.487631;5.077851
-75.4756;5.10937
-75.510005;5.063733
-75.488707;5.08824
-75.488707;5.08824
-75.488707;5.08824
-75.488707;5.08824
-75.517171;5.071636
-75.510005;5.063733
-75.510005;5.063733
-75.513817;5.070275
-75.513817;5.070275
-75.513941;5.075062
-75.494211;5.070466
-75.518447;5.073308
-75.501572;5.067702
-75.487631;5.077851
-75.488707;5.08824
-75.501572;5.067702
-75.49018;5.073167
-75.515145;5.084565
-75.517445;5.068139
-75.518447;5.073308
-75.494211;5.070466
-75.497137;5.065208
-75.494211;5.070466
-75.494211;5.070466
-75.494211;5.070466
-75.494211;5.070466
-75.513817;5.070275
-75.494211;5.070466
-75.518447;5.073308
-75.48957;5.05373
-75.487631;5.077851
-75.488707;5.08824
-75.501572;5.067702
-75.501572;5.067702
-75.51384;5.072126
-75.517171;5.071636
-75.518447;5.073308
-75.518447;5.073308
-75.494211;5.070466
-75.518447;5.073308
-75.494211;5.070466
-75.518447;5.073308
-75.518447;5.073308
-75.517171;5.071636
-76.531985;3.451647
-75.518447;5.073308
-75.494211;5.070466
-75.513817;5.070275
-75.501572;5.067702
-76.530759;3.450404
-75.49018;5.073167
-75.49018;5.073167
-75.501572;5.067702
-75.49018;5.073167
-75.49018;5.073167
-75.518447;5.073308
-75.513817;5.070275
-75.501572;5.067702
-75.070919;5.415925
-75.75012;4.566637
-75.488707;5.08824
-75.601051;5.474716
-75.492;5.074157
-75.513817;5.070275
-75.513817;5.070275
-75.474495;5.037902
-75.492;5.074157
-75.517171;5.071636
-75.513817;5.070275
-75.501572;5.067702
-76.64989;5.69576
-75.498419;6.210509
-76.64989;5.69576
-76.76653;6.3669
-77.10249;6.49714
-77.10249;6.49714
-77.10249;6.49714
-76.64989;5.69576
-75.624061;6.253299
-76.531985;3.451647
-77.10249;6.49714
-77.10249;6.49714
-76.64989;5.69576
-76.64989;5.69576
-76.64989;5.69576
-76.64989;5.69576
-76.76653;6.3669
-77.10249;6.49714
-77.10249;6.49714
-76.64989;5.69576
-77.10249;6.49714
-76.64989;5.69576
-76.530759;3.450404
-76.896236;6.588582
-75.706229;6.042151
-75.624061;6.253299
-75.706229;6.042151
-75.706229;6.042151
-75.706229;6.042151
-75.601051;5.474716
-75.601051;5.474716
-75.601051;5.474716
-75.601051;5.474716
-75.601051;5.474716
-75.601051;5.474716
-75.601051;5.474716
-75.601051;5.474716
-75.601051;5.474716
-75.601051;5.474716
-75.601051;5.474716
-75.601051;5.474716
-75.601051;5.474716
-75.601051;5.474716
-75.601051;5.474716
-75.601051;5.474716
-75.601051;5.474716
-75.601051;5.474716
-75.601051;5.474716
-75.601051;5.474716
-75.601051;5.474716
-75.601051;5.474716
-75.706229;6.042151
-75.706229;6.042151
-75.706229;6.042151
-75.706229;6.042151
-75.234964;0.74465
-75.640402;4.530357
-74.84341;1.33394
-74.70682;1.00533
-74.65868;0.87173
-76.468599;3.408943
-74.84341;1.33394
-75.60413;1.61563
-75.60413;1.61563
-75.60413;1.61563
-72.50174;7.880694
-74.84341;1.33394
-75.60413;1.61563
-75.60413;1.61563
-72.50174;7.880694
-76.530759;3.450404
-75.60413;1.61563
-75.614513;1.613151
-75.284897;1.68082
-72.50174;7.880694
-74.84341;1.33394
-73.244541;10.4776
-75.035521;9.582404
-75.624061;6.253299
-75.624061;6.253299
-74.84341;1.33394
-72.50174;7.880694
-75.792249;4.622606
-72.50174;7.880694
-75.60413;1.61563
-75.60413;1.61563
-75.60413;1.61563
-75.60413;1.61563
-75.60413;1.61563
-75.792249;4.622606
-75.60413;1.61563
-75.60413;1.61563
-75.070919;5.415925
-73.959778;0.794431
-75.604236;1.615386
-75.284897;1.68082
-75.284897;1.68082
-75.284897;1.68082
-74.761429;2.128447
-74.761429;2.128447
-74.761429;2.128447
-75.284897;1.68082
-74.84341;1.33394
-73.246597;10.477691
-73.282467;10.487453
-73.246597;10.477691
-73.246597;10.477691
-73.246597;10.477691
-73.246597;10.477691
-73.246597;10.477691
-73.274252;10.456443
-73.275846;10.427564
-72.50174;7.880694
-76.531985;3.451647
-75.624061;6.253299
-76.530759;3.450404
-72.50174;7.880694
-75.792249;4.622606
-73.274713;10.456553
-73.274713;10.456553
-73.282467;10.487453
-73.282467;10.487453
-73.268013;10.470738
-73.268013;10.470738
-73.268013;10.470738
-76.64989;5.69576
-73.268013;10.470738
-73.268013;10.470738
-73.243633;10.474245
-73.249821;10.477237
-73.246597;10.477691
-73.246597;10.477691
-73.26634;10.44793
-73.268013;10.470738
-73.243633;10.474245
-73.244635;10.456941
-73.244635;10.456941
-75.120521;9.834832
-75.120521;9.834832
-75.490544;10.346363
-75.120521;9.834832
-75.120521;9.834832
-75.120521;9.834832
-75.120521;9.834832
-75.386438;9.281564
-75.386438;9.281564
-75.386438;9.281564
-75.386438;9.281564
-75.439135;9.452849
-75.386438;9.281564
-75.120521;9.834832
-75.120521;9.834832
-75.120521;9.834832
-75.475384;10.362615
-74.198213;11.251276
-75.792249;4.622606
-74.198213;11.251276
-75.475384;10.362615
-75.475384;10.362615
-75.792249;4.622606
-73.246597;10.477691
-75.120521;9.834832
-75.120521;9.834832
-75.120521;9.834832
-75.475384;10.362615
-75.475384;10.362615
-75.458936;10.412584
-75.458936;10.412584
-75.563638;6.257972
-75.458936;10.412584
-75.035521;9.582404
-75.120521;9.834832
-75.475384;10.362615
-75.035521;9.582404
-75.035521;9.582404
-75.475384;10.362615
-75.475384;10.362615
-75.624061;6.253299
-76.531985;3.451647
-75.563638;6.257972
-76.531985;3.451647
-75.475384;10.362615
-75.475384;10.362615
-75.120521;9.834832
-75.475384;10.362615
-73.244541;10.4776
-75.475384;10.362615
-75.115733;9.721064
-75.115733;9.721064
-75.115733;9.721064
-75.475384;10.362615
-75.475384;10.362615
-75.475384;10.362615
-75.475384;10.362615
-75.303139;9.983775
-76.530759;3.450404
-75.386438;9.281564
-75.386438;9.281564
-75.386438;9.281564
-75.475384;10.362615
-75.115733;9.721064
-75.115733;9.721064
-75.475384;10.362615
-75.386438;9.281564
-75.386438;9.281564
-75.386438;9.281564
-75.120521;9.834832
-75.475384;10.362615
-76.530759;3.450404
-76.530759;3.450404
-75.624061;6.253299
-75.624061;6.253299
-75.071458;6.001571
-74.938487;5.74213
-75.568184;6.245736
-74.9334;5.83325
-75.56829;6.24939
-75.614951;6.220692
-75.56697;6.278103
-75.309798;5.712002
-75.563638;6.257972
-75.538532;6.24975
-75.538532;6.24975
-75.05983;6.11546
-75.614671;6.167568
-75.60289;6.267852
-75.53786;6.274705
-75.585673;6.300351
-75.538532;6.24975
-75.035521;9.582404
-75.53786;6.274705
-75.538755;6.256159
-75.100804;6.07356
-75.574244;6.286401
-75.565102;6.284853
-75.585673;6.300351
-75.624061;6.253299
-75.544105;6.30399
-75.544105;6.30399
-75.575257;6.311174
-75.575257;6.311174
-75.530823;6.255834
-75.575257;6.311174
-76.531985;3.451647
-75.035521;9.582404
-74.99505;6.04234
-75.59556;6.29133
-74.99505;6.04234
-74.99505;6.04234
-74.966794;6.018365
-74.97654;6.080303
-74.99505;6.04234
-75.022788;6.001906
-75.101995;5.964858
-75.142186;5.730859
-75.176003;5.609433
-75.176003;5.609433
-74.9334;5.83325
-75.101995;5.964858
-74.99505;6.04234
-74.99505;6.04234
-75.483979;3.723827
-72.50174;7.880694
-75.309798;5.712002
-74.92409;5.86219
-74.92409;5.86219
-75.309798;5.712002
-74.186795;4.568259
-75.563638;6.257972
-75.090237;5.934948
-75.309798;5.712002
-75.309798;5.712002
-75.309798;5.712002
-75.309798;5.712002
-74.938487;5.74213
-75.210857;5.834616
-75.309798;5.712002
-75.309798;5.712002
-74.933274;5.665515
-74.99505;6.04234
-74.99505;6.04234
-75.101995;5.964858
-75.101995;5.964858
-74.99505;6.04234
-74.991464;5.413047
-74.991464;5.413047
-75.483979;3.723827
-75.624061;6.253299
-75.041684;5.524625
-75.070919;5.415925
-76.530759;3.450404
-75.154467;5.253252
-74.938487;5.74213
-75.12721;5.151758
-75.053487;5.297011
-75.035521;9.582404
-75.309798;5.712002
-75.161426;5.38211
-74.991464;5.413047
-74.991464;5.413047
-75.161426;5.38211
-75.053487;5.297011
-74.184721;4.609896
-73.246597;10.477691
-74.991464;5.413047
-75.697381;4.504433
-75.697381;4.504433
-75.697381;4.504433
-76.531985;3.451647
-75.675689;4.535
-75.697381;4.504433
-75.697381;4.504433
-75.697381;4.504433
-75.706229;6.042151
-75.483979;3.723827
-75.697381;4.504433
-75.697381;4.504433
-75.697381;4.504433
-75.792249;4.622606
-75.697381;4.504433
-75.570777;4.637376
-75.792249;4.622606
-75.75012;4.566637
-76.530759;3.450404
-75.792249;4.622606
-75.75012;4.566637
-75.754166;4.566329
-77.10249;6.49714
-75.581212;6.244203
-75.581212;6.244203
-75.623416;6.252688
-75.540742;6.244934
-75.618627;6.255651
-75.623416;6.252688
-75.556757;6.245902
-75.623416;6.252688
-75.623416;6.252688
-75.579479;6.317357
-75.547231;6.309672
-75.579479;6.317357
-75.53786;6.274705
-74.991464;5.413047
-75.585161;6.294759
-75.547231;6.309672
-75.581212;6.244203
-75.581212;6.244203
-74.995071;6.042454
-75.547231;6.309672
-75.547231;6.309672
-75.581212;6.244203
-75.581212;6.244203
-75.565993;6.266792
-75.565993;6.266792
-75.565993;6.266792
-75.546025;6.283382
-75.546025;6.283382
-75.546025;6.283382
-75.546025;6.283382
-75.549559;6.287357
-75.554013;6.297357
-75.546025;6.283382
-75.585161;6.294759
-75.585161;6.294759
-75.540646;6.243978
-75.555001;6.26799
-75.60923;6.250368
-76.649812;5.695633
-75.581212;6.244203
-75.581212;6.244203
-75.581212;6.244203
-75.581212;6.244203
-75.620532;6.254696
-75.556054;6.237129
-75.53786;6.274705
-75.581212;6.244203
-75.564574;6.253041
-75.176332;5.609729
-75.102138;5.964844
-75.185598;6.057265
-75.142186;5.730859
-75.174162;5.611015
-75.735417;5.963962
-75.309798;5.712002
-75.185598;6.057265
-74.995071;6.042454
-74.995071;6.042454
-75.174162;5.611015
-74.995071;6.042454
-75.174162;5.611015
-74.99505;6.04234
-74.995071;6.042454
-74.995071;6.042454
-75.102138;5.963428
-75.102138;5.963428
-75.102138;5.963428
-75.174162;5.611015
-75.309798;5.712002
-75.309798;5.712002
-75.174162;5.611015
-74.995071;6.042454
-75.102138;5.963428
-75.309798;5.712002
-75.174162;5.611015
-75.309798;5.712002
-74.995071;6.042454
-74.995071;6.042454
-75.309798;5.712002
-75.174162;5.611015
-75.102138;5.963428
-75.102138;5.963428
-75.102138;5.963428
-75.309798;5.712002
-75.309798;5.712002
-74.79725;9.790618
-74.995071;6.042454
-75.581212;6.244203
-74.93339;5.83331
-74.93339;5.83331
-74.995071;6.042454
-74.797525;9.791337
-74.797525;9.791337
-74.797525;9.791337
-74.773009;9.79118
-74.797525;9.791337
-74.797525;9.791337
-74.20763;9.79766
-74.20763;9.79766
-74.20763;9.79766
-74.077497;8.956007
-74.077497;8.956007
-74.11248;8.94862
-74.11248;8.94862
-73.99302;8.98247
-74.79725;9.790618
-73.99302;8.98247
-74.752759;9.241416
-74.752759;9.241416
-74.752759;9.241416
-77.019721;3.883047
-74.752759;9.241416
-74.752759;9.241416
-74.752759;9.241416
-74.752759;9.241416
-74.752759;9.241416
-74.752759;9.241416
-77.019721;3.883047
-74.752759;9.241416
-74.20763;9.79766
-74.20763;9.79766
-74.20763;9.79766
-74.20763;9.79766
-74.20763;9.79766
-77.019721;3.883047
-74.20763;9.79766
-74.752759;9.241416
-74.03787;8.94086
-74.10711;8.9469
-74.10711;8.9469
-74.79725;9.790618
-73.99302;8.98247
-74.752759;9.241416
-74.752759;9.241416
-74.752759;9.241416
-74.79725;9.790618
-74.79725;9.790618
-74.79725;9.790618
-74.79725;9.790618
-74.79725;9.790618
-74.79725;9.790618
-74.79725;9.790618
-74.79725;9.790618
-74.79725;9.790618
-74.79725;9.790618
-74.79725;9.790618
-74.79725;9.790618
-74.79725;9.790618
-74.79725;9.790618
-74.752759;9.241416
-74.752759;9.241416
-74.752759;9.241416
-74.752759;9.241416
-74.752759;9.241416
-74.752759;9.241416
-74.752759;9.241416
-74.752759;9.241416
-74.752759;9.241416
-74.752759;9.241416
-74.752759;9.241416
-74.752759;9.241416
-74.752759;9.241416
-74.752759;9.241416
-74.79725;9.790618
-74.79725;9.790618
-74.79725;9.790618
-74.79725;9.790618
-74.79725;9.790618
-74.79725;9.790618
-74.79725;9.790618
-74.79725;9.790618
-74.79725;9.790618
-74.79725;9.790618
-74.79725;9.790618
-74.79725;9.790618
-73.99996;8.9833
-74.79725;9.790618
-74.03328;8.96665
-74.11248;8.94862
-74.752759;9.241416
-74.797525;9.791337
-74.797525;9.791337
-74.797525;9.791337
-74.797525;9.791337
-74.797525;9.791337
-74.797525;9.791337
-74.797525;9.791337
-74.797525;9.791337
-74.797525;9.791337
-74.797525;9.791337
-74.797525;9.791337
-74.797525;9.791337
-74.797525;9.791337
-74.797525;9.791337
-74.797525;9.791337
-74.797525;9.791337
-74.797525;9.791337
-74.797525;9.791337
-74.797525;9.791337
-74.797525;9.791337
-73.819571;5.614775
-73.362003;5.454511
-73.819571;5.614775
-73.819571;5.614775
-73.819571;5.614775
-73.357557;5.544642
-73.819571;5.614775
-73.819571;5.614775
-73.357557;5.544642
-74.072092;4.710989
-73.819571;5.614775
-73.819571;5.614775
-73.722497;5.517709
-73.819571;5.614775
-73.357557;5.544642
-73.819571;5.614775
-73.819571;5.614775
-73.357557;5.544642
-73.722497;5.517709
-73.722497;5.517709
-73.819571;5.614775
-73.819571;5.614775
-73.819571;5.614775
-73.819571;5.614775
-73.819571;5.614775
-73.819571;5.614775
-73.819571;5.614775
-75.513817;5.070275
-73.819571;5.614775
-73.819571;5.614775
-73.819571;5.614775
-73.819571;5.614775
-73.819571;5.614775
-73.819571;5.614775
-73.819571;5.614775
-73.819571;5.614775
-73.819571;5.614775
-73.819571;5.614775
-73.819571;5.614775
-77.019721;3.883047
-73.819571;5.614775
-77.019721;3.883047
-77.019721;3.883047
-77.019721;3.883047
-77.019721;3.883047
-77.019721;3.883047
-77.019721;3.883047
-77.019721;3.883047
-77.019721;3.883047
-77.019721;3.883047
-77.019721;3.883047
-77.019721;3.883047
-77.019721;3.883047
-77.019721;3.883047
-77.019721;3.883047
-73.905454;7.33875
-77.019721;3.883047
-77.019721;3.883047
-77.019721;3.883047
-77.019721;3.883047
-77.019721;3.883047
-77.019721;3.883047
-77.019721;3.883047
-77.019721;3.883047
-77.019721;3.883047
-77.019721;3.883047
-77.019721;3.883047
-77.019721;3.883047
-77.019721;3.883047
-77.019721;3.883047
-77.019721;3.883047
-77.019721;3.883047
-77.019721;3.883047
-77.019721;3.883047
-77.019721;3.883047
-77.019721;3.883047
-74.991464;5.413047
-77.019721;3.883047
-77.019721;3.883047
-77.019721;3.883047
-77.019721;3.883047
-77.019721;3.883047
-77.019721;3.883047
-77.019721;3.883047
-77.019721;3.883047
-74.991464;5.413047
-74.991464;5.413047
-74.991464;5.413047
-74.991464;5.413047
-74.991464;5.413047
-74.991464;5.413047
-74.991464;5.413047
-74.991464;5.413047
-74.991464;5.413047
-74.991464;5.413047
-74.991464;5.413047
-74.991464;5.413047
-74.991464;5.413047
-75.159616;5.383211
-75.159616;5.383211
-75.032678;5.599561
-74.875088;5.610765
-75.032678;5.599561
-74.991464;5.413047
-75.032678;5.599561
-75.032678;5.599561
-75.032678;5.599561
-75.032678;5.599561
-75.159616;5.383211
-75.159616;5.383211
-75.159616;5.383211
-75.159616;5.383211
-74.991464;5.413047
-74.991464;5.413047
-74.991464;5.413047
-74.991464;5.413047
-74.991464;5.413047
-74.991464;5.413047
-75.000057;5.629557
-75.03327;5.60002
-75.000057;5.629557
-75.03327;5.60002
-75.03327;5.60002
-74.991464;5.413047
-74.991464;5.413047
-74.991464;5.413047
-74.991464;5.413047
-75.159616;5.383211
-75.159616;5.383211
-74.991464;5.413047
-74.991464;5.413047
-74.991464;5.413047
-74.991464;5.413047
-74.991464;5.413047
-74.991464;5.413047
-74.991464;5.413047
-74.991464;5.413047
-74.991464;5.413047
-74.991464;5.413047
-74.991464;5.413047
-74.991464;5.413047
-74.991464;5.413047
-74.991464;5.413047
-74.991464;5.413047
-74.991464;5.413047
-75.159616;5.383211
-75.159616;5.383211
-75.159616;5.383211
-75.159616;5.383211
-75.159616;5.383211
-74.991464;5.413047
-74.991464;5.413047
-74.991464;5.413047
-74.991464;5.413047
-74.991464;5.413047
-74.991464;5.413047
-74.991464;5.413047
-74.991464;5.413047
-74.991464;5.413047
-74.991464;5.413047
-74.991464;5.413047
-74.991464;5.413047
-74.991464;5.413047
-74.991464;5.413047
-75.159616;5.383211
-75.159616;5.383211
-75.159616;5.383211
-74.991464;5.413047
-74.991464;5.413047
-74.991464;5.413047
-74.991464;5.413047
-74.991464;5.413047
-74.991464;5.413047
-74.991464;5.413047
-74.991464;5.413047
-74.991464;5.413047
-74.991464;5.413047
-74.991464;5.413047
-75.159616;5.383211
-75.159616;5.383211
-75.159616;5.383211
-75.159616;5.383211
-75.159616;5.383211
-75.159616;5.383211
-74.991464;5.413047
-74.991464;5.413047
-76.531985;3.451647
-76.531985;3.451647
-76.531985;3.451647
-76.531985;3.451647
-75.479426;1.0391049
-76.531985;3.451647
-76.531985;3.451647
-76.531985;3.451647
-76.531985;3.451647
-76.531985;3.451647
-76.531985;3.451647
-76.531985;3.451647
-76.531985;3.451647
-76.531985;3.451647
-76.531985;3.451647
-76.531985;3.451647
-76.531985;3.451647
-76.531985;3.451647
-76.531985;3.451647
-76.531985;3.451647
-76.531985;3.451647
-76.531985;3.451647
-76.531985;3.451647
-76.531985;3.451647
-76.531985;3.451647
-76.531985;3.451647
-76.531985;3.451647
-74.843403;1.333845
-76.531985;3.451647
-76.531985;3.451647
-76.531985;3.451647
-76.531985;3.451647
-76.531985;3.451647
-76.531985;3.451647
-76.531985;3.451647
-74.773206;2.113645
-73.905454;7.33875
-76.531985;3.451647
-76.531985;3.451647
-76.531985;3.451647
-76.531985;3.451647
-76.531985;3.451647
-76.531985;3.451647
-76.531985;3.451647
-76.531985;3.451647
-76.531985;3.451647
-76.531985;3.451647
-76.531985;3.451647
-76.531985;3.451647
-76.531985;3.451647
-74.072092;4.710989
-74.843403;1.333845
-74.773206;2.113645
-74.57614;2.277
-75.604236;1.615386
-74.773206;2.113645
-74.773206;2.113645
-75.479426;1.0391049
-74.773206;2.113645
-74.773206;2.113645
-74.773206;2.113645
-74.843403;1.333845
-74.843403;1.333845
-74.843403;1.333845
-75.604236;1.615386
-75.604236;1.615386
-75.604236;1.615386
-74.773206;2.113645
-74.773206;2.113645
-74.773206;2.113645
-74.773206;2.113645
-73.841906;8.69892
-74.843403;1.333845
-74.658727;8.72762
-75.604236;1.615386
-75.604236;1.615386
-75.604236;1.615386
-74.773206;2.113645
-74.773206;2.113645
-74.773206;2.113645
-74.773206;2.113645
-74.773206;2.113645
-74.773206;2.113645
-74.843403;1.333845
-74.843403;1.333845
-74.843403;1.333845
-74.843403;1.333845
-74.843403;1.333845
-74.843403;1.333845
-74.843403;1.333845
-74.843403;1.333845
-75.604236;1.615386
-75.604236;1.615386
-74.773206;2.113645
-74.773206;2.113645
-75.604236;1.615386
-75.604236;1.615386
-75.479426;1.0391049
-73.841906;8.69892
-74.843403;1.333845
-74.843403;1.333845
-74.843403;1.333845
-75.604236;1.615386
-75.604236;1.615386
-74.773206;2.113645
-74.773206;2.113645
-74.773206;2.113645
-73.087749;3.27199
-73.087749;3.27199
-74.773206;2.113645
-75.604236;1.615386
-74.773206;2.113645
-74.773206;2.113645
-75.479426;1.0391049
-75.479426;1.0391049
-75.479426;1.0391049
-75.479426;1.0391049
-75.479426;1.0391049
-75.479426;1.0391049
-75.479426;1.0391049
-75.479426;1.0391049
-75.479426;1.0391049
-75.479426;1.0391049
-75.479426;1.0391049
-75.479426;1.0391049
-75.479426;1.0391049
-75.479426;1.0391049
-75.479426;1.0391049
-75.479426;1.0391049
-75.479426;1.0391049
-75.479426;1.0391049
-75.479426;1.0391049
-75.479426;1.0391049
-75.479426;1.0391049
-75.479426;1.0391049
-75.479426;1.0391049
-75.479426;1.0391049
-75.479426;1.0391049
-75.479426;1.0391049
-75.479426;1.0391049
-75.479426;1.0391049
-75.479426;1.0391049
-75.479426;1.0391049
-75.479426;1.0391049
-75.479426;1.0391049
-75.479426;1.0391049
-75.479426;1.0391049
-75.479426;1.0391049
-75.479426;1.0391049
-75.479426;1.0391049
-75.479426;1.0391049
-75.479426;1.0391049
-75.479426;1.0391049
-75.479426;1.0391049
-75.479426;1.0391049
-75.479426;1.0391049
-75.479426;1.0391049
-75.479426;1.0391049
-75.479426;1.0391049
-75.479426;1.0391049
-75.479426;1.0391049
-75.479426;1.0391049
-72.284548;9.184524
-72.284548;9.184524
-72.284548;9.184524
-72.284548;9.184524
-72.492642;7.924058
-72.52961;7.917549
-73.31494;8.18003
-73.31494;8.18003
-75.479426;1.0391049
-75.479426;1.0391049
-75.479426;1.0391049
-75.479426;1.0391049
-72.650337;7.37823
-75.479426;1.0391049
-74.184721;4.609896
-75.479426;1.0391049
-75.479426;1.0391049
-75.479426;1.0391049
-75.479426;1.0391049
-75.479426;1.0391049
-75.479426;1.0391049
-75.479426;1.0391049
-75.479426;1.0391049
-75.479426;1.0391049
-75.479426;1.0391049
-75.479426;1.0391049
-75.479426;1.0391049
-75.479426;1.0391049
-75.479426;1.0391049
-74.072092;4.710989
-75.479426;1.0391049
-75.479426;1.0391049
-75.479426;1.0391049
-75.479426;1.0391049
-75.479426;1.0391049
-75.479426;1.0391049
-75.479426;1.0391049
-75.479426;1.0391049
-75.479426;1.0391049
-75.479426;1.0391049
-74.072092;4.710989
-75.479426;1.0391049
-75.479426;1.0391049
-75.479426;1.0391049
-75.479426;1.0391049
-75.479426;1.0391049
-75.479426;1.0391049
-75.479426;1.0391049
-74.072092;4.710989
-75.479426;1.0391049
-75.479426;1.0391049
-75.479426;1.0391049
-75.479426;1.0391049
-75.479426;1.0391049
-75.479426;1.0391049
-75.479426;1.0391049
-75.479426;1.0391049
-75.479426;1.0391049
-75.479426;1.0391049
-75.479426;1.0391049
-75.479426;1.0391049
-75.479426;1.0391049
-75.479426;1.0391049
864.2356;-0.72737733
864.2356;-0.72737733
864.2356;-0.72737733
-72.898027;8.996787
-74.184721;4.609896
864.2356;-0.72737733
864.2356;-0.72737733
864.2356;-0.72737733
864.2356;-0.72737733
864.2356;-0.72737733
864.2356;-0.72737733
-72.89802;8.99686
-72.89802;8.99686
-72.898027;8.996787
-72.898027;8.996787
-72.898027;8.996787
-72.898027;8.996787
-72.898027;8.996787
864.2356;-0.72737733
864.2356;-0.72737733
-74.072092;4.710989
864.2356;-0.72737733
864.2356;-0.72737733
864.2356;-0.72737733
864.2356;-0.72737733
864.2356;-0.72737733
864.2356;-0.72737733
864.2356;-0.72737733
864.2356;-0.72737733
864.2356;-0.72737733
864.2356;-0.72737733
864.2356;-0.72737733
864.2356;-0.72737733
864.2356;-0.72737733
864.2356;-0.72737733
864.2356;-0.72737733
864.2356;-0.72737733
864.2356;-0.72737733
864.2356;-0.72737733
864.2356;-0.72737733
864.2356;-0.72737733
864.2356;-0.72737733
864.2356;-0.72737733
864.2356;-0.72737733
864.2356;-0.72737733
864.2356;-0.72737733
864.2356;-0.72737733
864.2356;-0.72737733
864.2356;-0.72737733
-76.76663;6.36675
-76.649812;5.695633
-76.76663;6.36675
-76.902344;6.58181
-76.902344;6.58181
-76.649812;5.695633
-76.902344;6.58181
-76.902344;6.58181
-76.902344;6.58181
-76.902344;6.58181
-76.902344;6.58181
-76.649812;5.695633
-76.895564;6.588461
-76.649812;5.695633
-76.649812;5.695633
-76.649812;5.695633
-76.649812;5.695633
-76.649812;5.695633
-76.649812;5.695633
-76.649812;5.695633
-76.649812;5.695633
-76.649812;5.695633
-76.649812;5.695633
-76.649812;5.695633
-76.76663;6.36675
-76.649812;5.695633
-76.649812;5.695633
-76.76663;6.36675
-76.900649;6.588875
-76.900649;6.588875
-76.649812;5.695633
-76.900649;6.588875
-76.649812;5.695633
-76.649812;5.695633
-76.649812;5.695633
-76.649812;5.695633
-76.649812;5.695633
-76.649812;5.695633
-76.649812;5.695633
-76.649812;5.695633
-76.649812;5.695633
-76.900649;6.588875
-76.649812;5.695633
-76.649812;5.695633
-76.649812;5.695633
-76.649812;5.695633
-76.649812;5.695633
-76.649812;5.695633
-76.649812;5.695633
-76.649812;5.695633
-76.649812;5.695633
-74.072092;4.710989
-74.072092;4.710989
-74.072092;4.710989
-74.072092;4.710989
-74.072092;4.710989
-74.184721;4.609896
-74.184721;4.609896
-74.072092;4.710989
-74.072092;4.710989
-74.072092;4.710989
-74.184721;4.609896
-74.072092;4.710989
-74.072092;4.710989
-74.072092;4.710989
-74.072092;4.710989
-74.211747;4.582723
-74.072092;4.710989
-74.072092;4.710989
-74.072092;4.710989
-74.072092;4.710989
-74.184721;4.609896
-74.184721;4.609896
-74.072092;4.710989
-74.211747;4.582723
-74.072092;4.710989
-74.072092;4.710989
-74.072092;4.710989
-74.072092;4.710989
-74.072092;4.710989
-74.072092;4.710989
-74.072092;4.710989
-74.072092;4.710989
-74.072092;4.710989
-74.072092;4.710989
-74.072092;4.710989
-74.072092;4.710989
-74.072092;4.710989
-74.072092;4.710989
-74.072092;4.710989
-74.072092;4.710989
-74.072092;4.710989
-74.072092;4.710989
-74.072092;4.710989
-74.072092;4.710989
-74.072092;4.710989
-73.851932;7.061708
-74.072092;4.710989
-74.072092;4.710989
-74.072092;4.710989
-74.072092;4.710989
-74.184721;4.609896
-74.184721;4.609896
-74.072092;4.710989
-74.072092;4.710989
-74.072092;4.710989
-74.072092;4.710989
-74.072092;4.710989
-74.072092;4.710989
-74.211747;4.582723
-74.211747;4.582723
-74.072092;4.710989
-74.211747;4.582723
-74.211747;4.582723
-74.211747;4.582723
-74.211747;4.582723
-74.211747;4.582723
-74.211747;4.582723
-74.211747;4.582723
-73.851932;7.061708
-73.851932;7.061708
-73.851932;7.061708
-73.851932;7.061708
-73.851932;7.061708
-73.851932;7.061708
-73.851932;7.061708
-73.851932;7.061708
-73.851932;7.061708
-73.851932;7.061708
-73.905454;7.33875
-73.905454;7.33875
-73.905454;7.33875
-73.905454;7.33875
-73.905454;7.33875
-73.851932;7.061708
-73.851932;7.061708
-73.905454;7.33875
-73.851932;7.061708
-73.851932;7.061708
-73.851932;7.061708
-73.851932;7.061708
-73.905454;7.33875
-73.905454;7.33875
-73.905454;7.33875
-73.905454;7.33875
-73.905454;7.33875
-73.905454;7.33875
-73.905454;7.33875
-73.905454;7.33875
-73.851932;7.061708
-73.851932;7.061708
-73.851932;7.061708
-73.851932;7.061708
-73.851932;7.061708
-73.851932;7.061708
-73.851932;7.061708
-73.905454;7.33875
-73.851932;7.061708
-73.851932;7.061708
-73.851932;7.061708
-73.851932;7.061708
-73.851932;7.061708
-73.851932;7.061708
-73.851932;7.061708
-73.851932;7.061708
-73.851932;7.061708
-73.851932;7.061708
-73.851932;7.061708
-73.905454;7.33875
-73.905454;7.33875
-73.905454;7.33875
-73.905454;7.33875
-73.905454;7.33875
-73.851932;7.061708
-73.851932;7.061708
-73.851932;7.061708
-73.851932;7.061708
-73.851932;7.061708
-73.122742;7.119349
-73.851932;7.061708
-73.851932;7.061708
-73.851932;7.061708
-73.851932;7.061708
-73.851932;7.061708
-73.905454;7.33875
-73.905454;7.33875
-73.905454;7.33875
-73.851932;7.061708
-73.851932;7.061708
-73.905454;7.33875
-73.905454;7.33875
-73.905454;7.33875
-73.851932;7.061708
-73.851932;7.061708
-73.851932;7.061708
-73.851932;7.061708
-73.851932;7.061708
-73.851932;7.061708
-73.851932;7.061708
-73.851932;7.061708
-73.851932;7.061708
-73.851932;7.061708
-73.851932;7.061708
-73.851932;7.061708
-73.905454;7.33875
-73.905454;7.33875
-73.905454;7.33875
-73.905454;7.33875
-73.905454;7.33875
-73.851932;7.061708
-73.851932;7.061708
-73.905454;7.33875
-73.243633;1.0474245
-73.626268;8.959667
-73.180718;1.0333974
-73.542566;9.201062
-73.243633;1.0474245
-73.243633;1.0474245
-73.180718;1.0333974
-73.666377;8.688031
-73.338447;9.560892
-73.243633;1.0474245
-73.851932;7.061708
-73.905454;7.33875
-73.851932;7.061708
-73.851932;7.061708
-73.851932;7.061708
-73.851932;7.061708
-73.851932;7.061708
-73.851932;7.061708
-73.851932;7.061708
-73.851932;7.061708
-73.851932;7.061708
-73.905454;7.33875
-75.513817;5.070275
-75.513817;5.070275
-75.513817;5.070275
-75.513817;5.070275
-75.513817;5.070275
-75.513817;5.070275
-75.513817;5.070275
-75.513817;5.070275
-75.513817;5.070275
-75.513817;5.070275
-75.513817;5.070275
-75.513817;5.070275
-75.513817;5.070275
-75.513817;5.070275
-75.513817;5.070275
-75.513817;5.070275
-75.513817;5.070275
-75.513817;5.070275
-75.513817;5.070275
-75.513817;5.070275
-75.513817;5.070275
-75.513817;5.070275
-75.513817;5.070275
-75.513817;5.070275
-75.513817;5.070275
-75.513817;5.070275
-75.513817;5.070275
-75.513817;5.070275
-75.513817;5.070275
-75.513817;5.070275
-75.513817;5.070275
-75.513817;5.070275
-75.513817;5.070275
-75.513817;5.070275
-75.513817;5.070275
-75.513817;5.070275
-75.513817;5.070275
-75.513817;5.070275
-75.513817;5.070275
-75.513817;5.070275
-75.513817;5.070275
-75.513817;5.070275
-75.513817;5.070275
-75.513817;5.070275
-75.513817;5.070275
-75.513817;5.070275
-75.513817;5.070275
-75.513817;5.070275
-75.513817;5.070275
-75.513817;5.070275
-75.513817;5.070275
-75.513817;5.070275
-75.513817;5.070275
-75.513817;5.070275
-75.513817;5.070275
-75.513817;5.070275
-75.390557;9.304577
-75.513817;5.070275
-75.513817;5.070275
-75.513817;5.070275
-75.513817;5.070275
-75.513817;5.070275
-73.696392;4.079853
-73.696392;4.079853
-73.23023;4.07387
-72.628127;2.331899
-73.63769;4.151382
-73.696392;4.079853
-73.63769;4.151382
-73.63769;4.151382
-73.63769;4.151382
-73.63769;4.151382
-72.641727;2.568549
-73.696392;4.079853
-73.696392;4.079853
-73.622677;4.138398
-73.638335;4.152743
-73.638335;4.152743
-73.638335;4.152743
-73.638335;4.152743
-72.641727;2.568549
-72.628127;2.331899
-72.641727;2.568549
-75.120521;9.834832
-75.120521;9.834832
-75.120521;9.834832
-75.120521;9.834832
-75.120521;9.834832
-75.120521;9.834832
-75.120521;9.834832
-75.120521;9.834832
-75.120521;9.834832
-75.120521;9.834832
-75.120521;9.834832
-75.120521;9.834832
-75.120521;9.834832
-75.390557;9.304577
-75.120521;9.834832
-75.120521;9.834832
-75.439135;9.452849
-75.3833;9.59999
-75.39994;9.61664
-75.303139;9.983775
-75.34999;9.68818
-75.12166;9.84274
-75.115733;9.721064
-75.115733;9.721064
-75.083828;9.95114
-75.428987;9.832689
-75.115733;9.721064
-75.34999;9.68818
-75.34999;9.68818
-75.386532;9.311643
-75.083828;9.95114
-75.120521;9.834832
-75.120521;9.834832
-75.120521;9.834832
-75.120521;9.834832
-75.120521;9.834832
-75.115733;9.721064
-75.120521;9.834832
-75.596151;9.900323
-75.120521;9.834832
-75.390557;9.304577
-73.692344;1.0829241
-74.614654;1.0461181
-74.248926;1.1007984
-74.26663;1.010004
-74.15001;1.078334
-74.186103;1.0591925
-75.390557;9.304577
-75.390557;9.304577
-75.390557;9.304577
-75.390557;9.304577
-75.390557;9.304577
-75.390557;9.304577
-75.390557;9.304577
-75.390557;9.304577
-75.390557;9.304577
-75.440197;9.452015
-75.390557;9.304577
-75.390557;9.304577
-75.390557;9.304577
-75.390557;9.304577
-75.390557;9.304577
-75.390557;9.304577
-75.390557;9.304577
-76.418742;3.229015
-75.390557;9.304577
-75.390557;9.304577
-75.390557;9.304577
-75.390557;9.304577
-75.390557;9.304577
-75.390557;9.304577
-75.242438;4.444676
-76.418742;3.229015
-76.418742;3.229015
-76.418742;3.229015
-76.418742;3.229015
-76.418742;3.229015
-76.418742;3.229015
-76.418742;3.229015
-76.418742;3.229015
-76.418742;3.229015
-76.418742;3.229015
-76.418742;3.229015
-76.418742;3.229015
-76.418742;3.229015
-76.418742;3.229015
-76.418742;3.229015
-76.418742;3.229015
-76.418742;3.229015
-76.418742;3.229015
-76.418742;3.229015
-76.418742;3.229015
-76.418742;3.229015
-76.418742;3.229015
-76.418742;3.229015
-76.418742;3.229015
-76.418742;3.229015
-76.418742;3.229015
-76.418742;3.229015
-76.418742;3.229015
-76.418742;3.229015
-75.242438;4.444676
-78.791265;1.787434
-75.242438;4.444676
-75.242438;4.444676
-75.242438;4.444676
-75.242438;4.444676
-75.242438;4.444676
-75.242438;4.444676
-75.242438;4.444676
-75.242438;4.444676
-75.242438;4.444676
-75.242438;4.444676
-75.242438;4.444676
-75.242438;4.444676
-75.242438;4.444676
-75.242438;4.444676
-75.242438;4.444676
-75.242438;4.444676
-75.242438;4.444676
-75.242438;4.444676
-75.242438;4.444676
-78.791265;1.787434
-75.242438;4.444676
-75.242438;4.444676
-75.242438;4.444676
-75.242438;4.444676
-75.242438;4.444676
-75.242438;4.444676
-78.791265;1.787434
-78.791265;1.787434
-78.791265;1.787434
-78.791265;1.787434
-78.791265;1.787434
-78.791265;1.787434
-78.791265;1.787434
-78.791265;1.787434
-78.791265;1.787434
-78.791265;1.787434
-78.791265;1.787434
-78.791265;1.787434
-78.791265;1.787434
-78.791265;1.787434
-78.791265;1.787434
-78.791265;1.787434
-78.791265;1.787434
-78.791265;1.787434
-78.791265;1.787434
-78.791265;1.787434
-74.995071;6.042454
-75.102236;5.965544
-75.184867;6.141992
-75.100913;6.073186
-74.971002;5.844245
-75.13895;5.731147
-75.12805;5.72954
-75.142186;5.730859
-75.142186;5.730859
-75.142186;5.730859
-75.142186;5.730859
-75.142186;5.730859
-75.142186;5.730859
-75.142186;5.730859
-76.655431;7.755354
-76.552198;7.748287
-76.655431;7.755354
-75.303139;9.983775
-76.655431;7.755354
-76.655431;7.755354
-76.655431;7.755354
-76.655431;7.755354
-76.655431;7.755354
-76.655431;7.755354
-76.728456;8.095159
-76.655431;7.755354
-76.654853;7.750911
-76.552198;7.748287
-76.624692;7.882761
-76.64612;7.74553
-76.524701;8.204259
-76.655431;7.755354
-76.655431;7.755354
-75.26486;1.0041748
-76.655431;7.755354
-76.739747;8.096831
-76.728456;8.095159
-76.728456;8.095159
-76.728456;8.095159
-76.728456;8.095159
-76.728456;8.095159
-76.740697;8.336402
-75.283374;9.966093
-75.303139;9.983775
-62.448948;8.001204
-14.895126;8.29948
-75.421967;9.936691
-73.924108;7.477887
-74.00992;7.673414
-73.924108;7.477887
-74.017043;7.602764
-73.861012;7.679363
-73.924108;7.477887
-73.8834;7.55001
-73.861012;7.679363
-73.936759;7.668962
-73.8834;7.55001
-73.946404;7.957151
-73.93329;7.98337
-74.02139;7.6778
-73.924108;7.477887
-73.924108;7.477887
-73.8834;7.55001
-73.924108;7.477887
-74.052044;7.962955
-73.946404;7.957151
-74.466667;7.516667
-74.052044;7.962955
-74.25007;7.86664
-74.052044;7.962955
-74.052044;7.962955
-74.052044;7.962955
-74.052044;7.962955
-74.052044;7.962955
-74.052044;7.962955
-73.946404;7.957151
-73.946404;7.957097
-74.008393;7.74049
-73.946404;7.957151
-75.093183;3.625529
-73.946404;7.957151
-73.946404;7.957151
-73.9425;7.979167
-73.946404;7.957151
-73.946404;7.957151
-73.927423;7.76559
-73.946404;7.957151
-75.161426;5.38211
-75.046991;5.295579
-74.889557;5.576269
-75.26345;5.38894
-75.161426;5.38211
-75.161426;5.38211
-74.938278;5.668269
-75.432472;1.477497
-74.991464;5.413047
-75.24328;5.33221
-75.08394;5.36034
-75.161426;5.38211
-75.01441;5.39678
-73.85364;5.6159
-75.26345;5.38894
-75.093183;3.625529
-74.211747;4.582723
-75.142186;5.730859
-75.24328;5.33221
-74.991464;5.413047
-74.991464;5.413047
-75.03087;5.38515
-74.98987;5.53129
-74.98987;5.53129
-75.080415;5.37908
-75.123044;5.365209
-75.61269;1.618316
-75.389014;1.821489
-75.389014;1.821489
-75.389014;1.821489
-75.54804;1.657518
-75.604236;1.615386
-75.389014;1.821489
-75.389014;1.821489
-75.604236;1.615386
-75.389014;1.821489
-75.54804;1.657518
-75.604236;1.615386
-75.604236;1.615386
-75.54804;1.657518
-75.54804;1.657518
-75.54804;1.657518
-73.960233;1.0148976
-75.43724;1.47888
-75.43724;1.47888
-75.43724;1.47888
-75.204502;1.27729
-75.436437;1.478766
-75.339034;1.388013
-75.46855;1.509726
-75.43724;1.47888
-75.210353;1.285561
-75.46855;1.509726
-75.339034;1.388013
-73.752512;3.127883
-75.436437;1.478766
-75.43724;1.47888
-75.210353;1.285561
-75.432472;1.477497
-75.43724;1.477497
-75.43724;1.477497
-75.46502;1.50968
-75.32871;1.38526
-75.46502;1.50968
-80.748526;-0.1822211
-75.210353;1.285561
-75.43724;1.47888
-73.027245;1.0390041
-73.752512;3.127883
-73.960233;1.0148976
-73.960233;1.0148976
-73.848956;1.0324636
-73.848956;1.0324636
-73.960233;1.0148976
-77.346413;8.629203
-73.96704;1.0152712
-73.954703;1.015219
-74.010075;1.0101466
-73.974296;1.019551
-73.78785;1.00736
-73.960233;1.0148976
-76.651337;5.688199
-73.960233;1.0148976
-73.962286;1.0147593
-73.962286;1.0147593
-77.343621;8.634648
-77.27898;8.510109
-77.27898;8.510109
-73.752512;3.127883
-77.27898;8.510109
-77.27898;8.510109
-77.347936;8.648072
-77.347936;8.648072
-77.346413;8.629203
-77.346413;8.629203
-77.6833;6.88336
-77.347936;8.648072
-77.08325;8.31665
-77.10249;6.497146
-76.9;7.05
-76.965835;6.966366
-76.651337;5.688199
-76.651337;5.688199
-76.9;7.05
-76.651337;5.688199
-77.10249;6.497146
-76.874928;6.780926
-76.86664;5.71667
-76.649812;5.695633
-76.66129;5.689924
-76.649812;5.695633
-76.73332;6.23337
-77.092466;8.041189
-77.093232;8.04668
-77.093232;8.04668
-77.093232;8.04668
-77.093232;8.04668
-77.08325;8.31665
-77.093232;8.04668
-77.066667;8.016667
-74.48224;4.39419
-74.496998;4.374883
-74.522168;4.44196
-74.48224;4.39419
-74.5002;4.38337
-74.522394;4.438829
-74.492204;4.416467
-74.522394;4.438829
-74.522394;4.438829
-73.074;1.0746256
-73.074;1.0746256
-73.074;1.0746256
-73.10002;1.075004
-73.10002;1.075004
-73.10002;1.075004
-72.69216;1.108306
-73.10002;1.075004
-73.10002;1.075004
-73.074757;1.0747331
-73.90059;2.96914
-73.002153;1.0769864
-72.981936;1.0603721
-73.005015;1.077617
-72.967701;1.0613674
-72.955918;4.091354
-74.49993;1.010004
-72.967701;1.0613674
-72.981936;1.0603721
-72.971279;1.0613959
-72.939864;1.0635393
-73.157647;2.358735
-76.651055;1.15234
-72.329297;2.62119
-72.639299;2.566319
-72.651258;2.543572
-72.618288;2.524153
-72.643346;2.571728
-76.651055;1.15234
-72.455352;4.306002
-72.455352;4.306002
-72.955918;4.091354
-72.955918;4.091354
-72.46746;4.31033
-72.955918;4.091354
-74.51668;1.00167
-74.62305;1.002498
-74.62305;1.002498
-74.51668;1.00167
-74.62305;1.002498
-74.49993;1.010004
-77.019721;3.883047
-77.019721;3.883047
-76.95886;3.70638
-76.95691;3.69862
-76.964;3.73479
-76.981308;3.77945
-76.96395;3.73479
-76.981308;3.77945
-77.019721;3.883047
-77.019721;3.883047
-77.019721;3.883047
-77.019721;3.883047
-78.721;1.612328
-77.992067;1.209048
-78.791265;1.787434
-78.791265;1.787434
-78.791265;1.787434
-78.791265;1.787434
-78.791265;1.787434
-78.791265;1.787434
-78.746424;1.816792
-78.791265;1.787434
-76.03105;5.222288
-78.791265;1.787434
-76.617431;1.028507
-76.651055;1.15234
-76.651055;1.15234
-76.62273;1.047375
-76.651055;1.15234
-76.651055;1.15234
-76.642683;1.147242
-76.651055;1.15234
-76.651055;1.15234
-76.651055;1.15234
-76.645429;1.153015
-76.614581;1.102609
-76.651055;1.15234
-76.03105;5.222288
-76.651055;1.15234
-76.651055;1.15234
-76.651055;1.15234
-76.651055;1.15234
-76.651055;1.15234
-76.651055;1.15234
-76.651055;1.15234
-76.637449;1.135761
-76.651055;1.15234
-76.651055;1.15234
-76.651055;1.15234
-76.651055;1.15234
-76.651055;1.15234
-76.651055;1.15234
-76.651055;1.15234
-76.651055;1.15234
-76.651055;1.15234
-76.642683;1.147242
-76.03105;5.222288
-75.57135;4.89252
-75.69443;4.89364
-76.03105;5.222288
-76.03105;5.222288
-75.227529;9.525856
-76.03105;5.222288
-76.03105;5.222288
-75.882128;5.299077
-76.03105;5.222288
-75.882128;5.299077
-76.03105;5.222288
-76.03105;5.222288
-75.227529;9.525856
-75.50631;9.39651
-75.227529;9.525856
-75.303139;9.983775
-75.247761;9.608684
-75.18352;9.53804
-75.16751;9.49687
-75.16751;9.49687
-75.09318;3.625529
-75.150525;9.502663
-75.16751;9.49687
-75.227529;9.525856
-75.30004;9.65003
-75.068572;4.923346
-74.522394;4.438829
-75.227529;9.525856
-75.581273;9.527515
-75.227529;9.525856
-75.227529;9.525856
-75.150525;9.502663
-76.531985;3.451647
-76.316806;3.52826
-75.185051;9.521051
-75.247761;9.608684
-75.120055;9.720499
-75.303139;9.983775
-75.185051;9.521051
-75.05;4.80008
-75.064709;4.922995
-75.063129;4.920956
-75.05001;4.80008
-75.05001;4.80008
-76.316806;3.52826
-75.604236;1.615386
-75.063129;4.920956
-75.26467;3.47752
-75.26467;3.47752
-75.26467;3.47752
-75.26467;3.47752
-75.26467;3.47752
-75.26467;3.47752
-74.522394;4.438829
-76.316806;3.52826
-75.06581;3.52275
-74.211747;4.582723
-75.26467;3.47752
-75.26467;3.47752
-75.70885;3.38525
-76.316806;3.52826
-76.316806;3.52826
-76.316806;3.52826
-76.316806;3.52826
-76.316806;3.52826
-76.316806;3.52826
-76.316806;3.52826
-75.44423;1.0419978
-75.44423;1.0419978
-75.44423;1.0419978
-75.44423;1.0419978
-75.44423;1.0419978
-75.44423;1.0419978
-75.44423;1.0419978
-75.44423;1.0419978
-74.23702;4.581515
-74.23702;4.581515
-74.218961;4.578856
-74.211747;4.582723
-72.641727;2.568549
-74.991464;5.413047
-75.07489;5.40656
-75.114337;5.38211
-75.161426;5.38211
